777.1599473395511
432.68932978489016
310.572584303626
447.8680919368324
376.0317127987817
322.15135700288096
286.5901487034426
325.277489788841
298.0164468277479
276.96663520606313
259.9990973806291
281.38098405065773
266.3331606470273
255.0869647940527
242.87922431057075
277.5915838866985
264.979845041416
257.2244999633055
248.3501627836626
292.1633760586628
281.5636327671949
273.42907521543333
265.6435469932084
285.51201476786815
277.595181442094
270.69614506989336
263.3149784642459
275.90344157183023
270.2295462101105
263.9889647502807
258.05391921148254
276.3282717321178
270.40010310554527
264.1040047555746
259.21896800330296
276.2710197102664
270.6397915738216
265.5065384372363
260.5852021924775
272.8843194971169
267.8801590753771
263.48379581667007
259.14258535150765
274.61239338652217
269.9248478247193
266.2046847062726
261.57254156004393
267.774043373199
264.7221810447891
261.05548492713314
258.2160535781699
271.09722265951706
267.21494441258204
264.4174909294697
261.1689164328354
268.11840350989604
265.06361982244016
262.13373594211265
259.6222866740383
266.78838647298693
263.52116199995174
260.6013989559835
257.5872506330682
264.96896424260706
262.15125899363926
259.6659509580821
257.04592470556673
265.35362172640816
262.54405441804585
260.5178477791525
257.86251608462754
264.13630788182275
261.44895513964553
259.1996365207066
256.5173203664552
257.7681017380313
255.8265367337409
253.54688953225906
251.61729885348413
258.72503707346965
256.66094937598615
254.62094523813826
252.44201574204396
257.3965782630382
255.67117076637106
253.86391891348575
251.97723133994717
261.23519915604743
259.2656363228622
257.9360776380861
263.58308056054244
261.8479926038267
259.9272569720009
258.7381337183052
264.36123784319255
262.57401175809673
260.8702790512204
258.98372328593075
262.21945886142186
260.19661492049516
258.9032816123438
257.0849006764142
263.751002259606
261.83638717021927
260.1126807272987
258.3220348031973
265.05394395830723
263.22408739668936
261.9239510877253
260.03781453784666
267.6667441942076
265.9790126267873
264.1857836332157
262.44342810120276
266.48498861093606
264.9318891808282
263.4692625257239
261.92576431523634
268.11278744594364
266.36819702130845
265.0871882031892
263.5590370238033
268.5730619936678
267.1262762462983
265.8161863768212
267.40150749491283
265.9657600277778
264.51695823660486
263.25686964099475
268.9019045145266
267.6189132362848
266.0929853342722
264.8844280900222
269.10983656514867
267.9190044961739
266.5275632114493
265.30069475385204
268.0088954069275
266.5893667599093
265.1915165235063
263.9388236753378
264.8990161202278
263.63738826451316
262.2925191402271
261.0650493516553
262.39022085249195
261.1351098177615
260.12352483793427
258.83463121697855
262.43904867884623
261.16802599416997
259.84374950860104
263.08791524498946
261.99512367708013
261.02872028879835
260.14923765200285
263.58861043057516
262.5313366496521
261.36552393823274
260.34116990697703
264.47095038613134
263.3155313854488
262.1627178461723
260.9131157309733
265.4811811812905
264.4511176527697
263.4019557828178
262.3800320357208
265.14405823389137
263.9359444414071
263.0062048599874
261.8430077572687
265.46016648082895
264.39732910337193
263.1169236780364
264.6453258021595
263.60087179700224
262.62977056890657
261.7595381826619
263.738714139427
262.6667157807286
261.6878330823163
260.6992196484414
263.34959294738667
262.72646133860303
261.7838782857093
261.06161206252307
263.34734711885596
262.49043047382867
261.6162481799858
260.6644554436555
263.4001268069091
262.46284908240676
261.4526248285073
264.8968811414355
264.01766620924036
263.1439602879647
262.28475043903325
265.58493488041796
264.73500611970763
263.8734726525069
262.97868273140926
266.4321188726509
265.64955274527205
264.76740872728493
263.9724256505089
264.54024849068185
263.6320381563681
262.82758204942337
261.8699505095375
263.9287396755484
263.07790755194463
262.3351051312139
266.89229907024776
265.9586049342703
265.2093534191709
264.3673974408753
266.5745804553399
265.67710190246163
264.91095911674995
264.0124383882235
266.2648860663097
265.3958231113797
264.56971339850924
263.7133972454933
265.65963388783183
265.0785568579071
264.2826335323173
266.85952670458437
266.2001040155573
265.3537650654148
264.67159099238546
266.16710012139265
265.4278844894018
264.6358536266781
263.90791447784073
266.06247911716144
265.30637832495376
264.6083426455036
264.1499008250594
266.98617577260416
266.22545767096545
265.5279877213826
268.03209892605906
267.2990135304923
266.59388196934196
265.7823345937838
267.2229836914003
266.39969559395433
265.65451317447736
264.9486585804872
267.114033245346
266.3307572123322
265.79407053174896
265.0900471826123
268.1878826517333
267.3560920321558
266.7792482757731
269.0285914908954
268.39199264790983
267.7182599655691
267.0904005028581
267.8609202297999
267.1405182358526
266.43919342582547
265.7491042210415
267.03150137846484
266.4904722691843
265.8610891238684
265.22892875094
266.6623604432853
266.1304162279412
265.4218060016137
267.2868246243151
266.7256895719279
266.0906398264856
265.5301063846185
267.32804032062967
266.6438469614554
266.015824649392
265.37078388597143
267.4307698405714
266.7721033914578
266.04925366760995
267.1827471187464
266.50022556971993
265.98226210283525
265.45635404120736
268.3398640304912
267.7366750275228
267.1006639840685
266.51726434587596
267.6702872713625
267.03134108158594
266.51050514103486
265.8655938134336
267.900877348059
267.2800991281476
266.56600118697656
267.4102343664663
267.0319348028604
266.56576465506066
265.9591852153017
268.4149729043178
267.9292554928076
267.24328469019383
266.7416079296458
268.21679784565083
267.5931270124446
267.0648215052091
268.5556166435085
267.9181771202681
267.4400739744073
266.7917706949902
268.61231634824776
268.0157546108436
267.54133027388497
267.01043803087055
268.1451112136016
267.59829897688746
267.05806194278836
267.993634512753
267.6258586146604
266.9579834210988
266.5343938320715
268.3497474193866
267.7759263859512
267.1835831266513
266.6141069629916
268.4153247680091
267.8418157081332
267.38221977424877
269.06118107764456
268.50215056293274
267.97716976142993
267.3838087650232
269.53994147741963
268.9935258997358
268.45858923510264
267.89470986273795
268.825561917047
268.26004293391856
267.83213571596013
269.76622048150165
269.1889392682695
268.8191459304065
268.2800464283922
269.0776939549296
268.6572908847107
268.0502650533641
268.73166369946154
268.1990379985155
267.61698703352096
267.05107236586264
268.77853979271623
268.19718892362374
267.65950102309307
267.08200259336985
268.68214934787443
268.13083664347755
267.70625186108265
269.14311175697793
268.66705930194047
268.14818085018004
267.6652008581964
268.9325714582325
268.35724752379355
267.80750721525305
267.235799718612
268.97307456293527
268.4345208598845
267.92128717166975
270.3714373029572
269.86401601861104
269.3418134594663
268.9138612301409
271.3506819185727
270.8200775226805
270.3472387906001
271.522564169689
271.07169499193594
270.5574043459701
270.09697158391725
271.13597496302435
270.68653236114363
270.19494030706386
269.6749560839807
271.8247483562407
271.33002378522247
270.83614452455924
271.90980792341816
271.43173711438885
271.0459453728336
270.5738117098737
271.55231469873013
271.06276197118854
270.6072539489454
272.21913612193055
271.76556994962544
271.32295753526273
270.9214657376511
271.8832447943109
271.3993771141218
270.8801539885238
271.37388130300764
270.9514037484547
270.51545429533604
270.0793245278828
270.9702586329471
270.4766511535867
270.030045428656
269.54944648664747
270.7831799427247
270.3710258311054
269.89863840531007
270.65321141845186
270.28095075319715
269.77825622527615
269.39431598474647
270.7461040651589
270.4273354729357
269.96630273412217
271.7812500145431
271.34997494575794
270.874915456683
270.4235667839226
271.9004953802249
271.5293360788148
271.10205865436234
272.51781054112666
272.1343004314046
271.7192954280469
271.2938714886784
272.7171076412397
272.2845908068615
271.83858090641735
272.5440094997597
272.15561064930483
271.69467522056925
271.3493467114691
272.3721149315138
271.95913497835716
271.5697070681967
271.118429310048
272.67976667216794
272.27634580974126
271.8643314871085
273.11614690147474
272.7248314692429
272.3528633212097
271.9708637571395
272.6790740665165
272.30864849674964
271.88090307473936
273.0461901310442
272.6150744655518
272.1836551932175
271.77082861596165
272.8365092113007
272.41943744120147
272.03350922342696
272.7555934206801
272.3395500821609
271.9307473541508
271.56888972641156
273.00225303869985
272.5991850411123
272.30015443336436
272.93447114321066
272.52101898271866
272.06170086030414
271.6820064559499
272.5873565832248
272.1963615931462
271.8554349644878
273.02826165425444
272.6202181705309
272.233797721849
271.8228591691221
273.99447242605424
273.59176265632067
273.17933167294217
274.7949499544734
274.4837713941839
274.09872610283486
273.7309697366835
275.02100862554533
274.6866423502464
274.33798902830193
275.3616760671162
274.95506784743714
274.62886085529396
274.24890365528324
275.54183391130323
275.16114515422254
274.77536439484453
276.20377955409253
275.8284949241166
275.42334833668923
276.20029430841953
275.84623396582873
275.47360600745924
275.11437211625247
275.57483148226106
275.23370100339366
274.84965748251676
276.1122671941689
275.7823137480788
275.42843024579435
275.1535447435893
276.85332399794635
276.5544381678113
276.1614311198599
276.6497128402302
276.3399404516343
275.9349129741357
275.6087039168027
276.5133558828608
276.1182098065099
275.7234516864977
276.1613503439601
275.76677850943656
275.381364126387
275.04378710812136
276.13528871777237
275.7984926830851
275.4207896563645
276.38825735306835
276.042467479509
275.7166747513986
277.2457432733393
276.8726943245466
276.5604998011836
276.22264587235236
277.18629611592104
276.8655240318568
276.5054451162113
277.17010221003557
276.84231716930896
276.51367417210236
276.1583754672197
277.041339526882
276.7481776723904
276.38316360988614
277.7370543902672
277.3514280755867
277.0144099863443
276.7077215585949
277.40463828108915
277.03872983571046
276.6340133282135
277.59431940162716
277.22912626110406
276.9085727313372
277.92543248731477
277.5347198321772
277.19700352206877
276.83811447082877
277.3971794694002
277.0590560946675
276.75091299496114
277.92422133439715
277.58176256808224
277.29167007692445
276.93033656216704
278.0669382527648
277.7018076699432
277.3756140202313
277.9590335304734
277.6116828666164
277.26510329904227
278.0201810673724
277.66476855455187
277.3200195586084
276.9579903673724
277.5016985655859
277.1229456242679
276.78218526701545
277.24479712565955
276.86103098610016
276.51392631135195
277.211555426585
276.83865188543075
276.508723572534
276.1663724579033
276.68748024221895
276.3232749740645
275.99898755588083
276.5065436704846
276.2186705254511
275.9172994981054
276.9337634609983
276.5897501172238
276.2539579013675
275.90142699763766
276.5870417591019
276.22610676122895
